1667 2292
1247 1280
1476 1789
1573 1792
1052 1043
801 508
753 1191
1555 1461
886 417
322 795
1308 1693
1088 1386
475 637
1234 1088
992 849
954 471
1217 1301
623 972
1006 1398
1322 1360
1548 1601
550 402
1699 432
1177 389
592 1033
713 409
668 525
611 400
1118 1165
1008 1395
1114 1757
742 809
780 545
1012 1200
811 1264
729 750
1145 1008
1054 804
934 1539
918 1229
1077 535
1175 1902
1471 1319
1206 960
904 402
1025 1635
1121 1674
573 1059
700 577
770 1257
758 763
1138 1772
1082 1190
1211 437
1187 460
569 446
1224 1639
1566 1325
1097 909
457 387
1103 703
1423 1687
1095 992
1410 1445
335 522
1183 1743
705 517
1268 795
760 839
1257 1149
725 1459
801 425
569 391
704 399
606 480
847 669
1684 971
1023 1393
845 1176
1041 724
1115 1627
775 729
1349 1390
1344 1935
816 575
799 453
1116 606
1341 2102
1191 861
922 816
344 1252
748 400
1065 815
855 979
1218 410
879 986
993 770
1236 1658
730 447
1201 1769
1390 1201
523 1046
1533 2020
199 573
823 577
1724 1486
703 1209
228 1086
377 786
686 412
891 770
1188 1413
1110 2011
1159 1348
1057 400
1383 1300
559 744
1180 1426
426 800
618 852
1091 498
787 817
481 1229
1241 1634
829 1523
943 1536
651 522
682 707
1133 1091
1040 423
746 943
1249 1714
1078 1273
784 937
560 400
754 387
960 1119
531 568
923 1160
1289 1292
685 1205
430 470
454 1194
1413 1615
1605 1965
878 1193
903 1279
902 1189
1617 845
1090 713
457 805
999 1964
1135 561
1111 715
927 1195
549 769
1666 2461
1303 1802
116 398
844 1299
723 1247
248 669
1405 1384
1022 1042
631 808
519 405
891 958
1485 949
1610 2120
795 986
1061 459
1181 1510
895 436
1605 530
806 1434
1166 681
1369 1461
1080 1259
1085 1793
1175 1440
1133 1434
598 584
1299 2094
778 1025
1294 1503
922 1269
715 1185
904 1677
797 588
1294 2359
1532 1860
999 963
717 388
1203 1857
668 445
1070 1188
883 387
930 1247
996 579
1163 1186
1294 1510
1021 520
416 387
1221 1135
1092 1286
798 741
1561 1653
1261 581
1323 1621
1024 1188
1155 551
837 1414
1263 1327
727 534
1093 485
903 1279
1008 409
731 833
433 387
861 1197
1094 646
1850 2387
1132 473
625 1094
841 1307
1749 1640
1325 1686
1019 994
764 790
709 512
362 423
1138 1051
699 1015
1037 1206
1378 1368
868 499
990 835
567 387
477 637
972 1596
666 1168
941 1618
705 789
787 818
718 1156
1202 1186
749 389
667 400
1209 548
933 1478
541 435
1185 1566
582 597
633 466
401 1313
1167 558
1095 1505
1541 1783
672 821
727 1182
1447 817
1404 1123
1303 1794
1151 1338
1014 1147
994 441
1194 659
1082 435
1221 780
1083 1360
781 435
1293 1226
1379 2057
1685 1844
963 1025
1721 1244
1368 1870
282 400
798 735
844 556
1146 414
1167 1533
1113 1571
1126 1225
611 460
1403 2274
946 475
1187 1214
785 412
1417 2232
785 392
1037 465
265 392
1254 2038
714 501
1311 1677
919 1248
1292 1235
1178 967
818 1209
695 387
1040 1623
749 424
2029 2939
1403 2314
1105 1483
1087 1271
908 423
1459 2160
901 1199
365 808
1725 1286
781 831
837 400
912 805
777 847
1262 723
667 1194
1133 826
622 476
687 400
1084 805
1236 1183
1391 1289
166 481
607 1007
746 425
1584 409
2169 3037
1524 1514
1741 2107
916 854
1904 2102
1189 1623
1289 1239
984 1361
896 412
650 789
1156 1631
568 433
1989 2238
572 512
848 393
790 1005
330 442
1601 2509
660 1111
1690 1507
887 1453
833 456
884 821
990 455
984 658
993 1158
719 503
1288 1113
701 829
1102 464
1329 1188
824 399
1552 1732
1473 1255
1126 814
1981 2378
1511 791
544 1004
1268 412
752 392
1090 1667
599 1212
755 1084
497 609
1090 1010
868 429
1190 1456
526 502
1068 1381
1583 2123
695 417
1366 1178
1057 627
1189 1717
428 387
643 804
902 816
950 466
234 506
232 635
629 348
1640 1254
617 464
1193 950
985 995
1451 494
1139 1013
1062 1266
732 411
1529 1387
909 573
1414 1195
637 749
659 1477
969 1050
518 833
891 1411
1296 466
1025 1392
1538 2315
1003 1000
1119 1378
1096 1180
1343 2042
284 550
885 1429
898 1401
1136 1224
1342 1316
794 485
1243 1744
905 436
1018 500
1285 1551
788 1229
867 740
1407 489
944 1022
1028 1622
940 876
632 506
660 845
237 431
760 973
1110 429
1297 1318
1189 451
914 431
2079 1516
436 547
210 387
1111 835
1014 518
1007 400
672 822
660 477
1680 400
553 870
737 387
667 649
631 536
1005 1004
886 1013
954 1174
1179 686
1238 1899
363 399
701 1280
1563 916
1166 1829
976 513
1163 1513
912 480
464 473
1283 1907
1233 722
1210 600
1602 2349
330 784
1648 551
1277 400
613 411
843 1249
804 426
882 501
1358 1810
991 704
675 1303
1493 1360
463 503
985 1250
1430 669
1096 2408
961 389
1291 1781
653 399
398 451
771 422
1313 806
752 1406
1375 1745
627 429
514 387
883 1328
793 521
535 432
900 400
743 531
1159 1817
1443 1501
903 986
1468 518
1195 1533
1340 1525
967 525
1473 1891
846 522
1011 1307
260 883
1147 1488
1810 1231
982 1353
1018 1694
1090 1734
1971 2587
1080 1181
958 1396
656 1614
982 1308
1872 1046
1296 1767
782 1265
871 1028
904 839
1031 1517
290 440
828 431
1455 1260
516 692
463 983
469 1185
1306 638
916 426
454 387
1562 477
691 427
1034 482
792 387
1005 786
765 390
862 891
1347 838
735 991
876 790
1251 459
842 512
1124 1043
1354 1387
1314 1432
808 837
1152 1795
1093 400
594 1008
1613 1947
967 717
635 983
409 483
1011 868
1084 400
653 404
724 496
861 465
1277 1498
594 1014
967 405
673 800
1134 1506
1252 1487
914 689
851 635
1332 1316
866 897
742 1093
680 419
1188 1298
1168 849
1212 1431
983 471
1028 518
1365 1092
777 573
350 394
1196 600
1067 1013
1954 2160
803 1112
295 411
771 672
1567 2179
1329 698
1264 915
971 830
404 412
935 1621
1055 1510
943 1762
855 825
1055 454
1011 434
387 411
888 1422
778 1087
728 387
715 420
1635 2552
1026 1755
948 1012
598 1060
1058 2021
518 977
185 785
666 422
943 1424
1564 1905
545 387
1067 1338
1047 1386
1365 1188
1049 693
965 1626
1229 1524
534 1141
1149 438
890 1283
997 1184
832 551
574 400
1670 1440
1720 2207
2282 2318
851 1178
618 1343
754 993
1350 2021
1112 1739
719 1143
533 1190
971 790
844 506
1070 1663
793 434
1416 1291
978 843
602 1216
1116 612
1274 1193
672 1188
1109 475
1282 462
788 795
543 487
1782 2403
1076 430
1212 1979
594 1117
773 1168
680 388
506 531
1224 1189
1244 1183
918 1353
1280 1309
1620 2773
991 605
817 1263
576 1138
596 837
1297 1266
1122 1587
703 997
1104 1535
1276 1103
734 1077
1416 949
830 517
1615 1477
646 935
956 417
832 1494
1042 1239
663 1162
1847 1105
1911 2131
340 754
816 1279
1276 1579
488 1186
1099 876
908 957
679 668
864 1312
1330 1201
793 1049
1093 497
484 935
1464 1892
588 796
1458 435
986 800
1395 666
2285 2997
1063 1224
836 1306
1043 1796
1060 637
1125 552
1213 1414
733 822
743 751
760 520
698 1449
1418 430
1201 1516
710 1542
745 1130
1713 2202
604 735
898 1560
1071 451
1503 1460
384 613
1594 1526
844 785
936 437
866 1558
1086 465
1025 921
1371 1236
1285 665
1217 786
1068 436
636 1676
963 412
847 407
1532 2270
562 904
1392 1714
477 406
811 953
622 433
752 824
1097 411
1006 403
951 980
844 1277
404 443
295 461
1315 450
584 630
1426 1409
1115 976
689 786
1456 597
1300 537
1234 1763
1067 623
638 418
840 712
664 1314
764 1179
1668 2047
1230 808
1369 1575
1064 1658
1638 1132
1110 953
1241 1662
145 410
1020 1129
563 798
1040 791
804 795
876 425
725 1361
310 414
624 412
1005 1427
676 1187
1310 659
941 528
155 387
685 579
610 430
873 807
1068 997
1079 1365
742 787
620 424
705 1551
1048 1573
1990 611
688 656
1418 1464
1419 2072
592 523
686 1183
926 1008
1059 412
899 461
1120 1715
1063 772
440 1224
957 479
938 787
756 631
1216 1807
944 1853
987 1202
1344 1226
1166 1856
546 411
605 615
968 410
606 1049
1304 1262
1078 985
1536 2643
598 427
1281 1542
1413 1009
918 387
1231 1317
1437 1778
1074 961
1280 1964
710 529
753 923
678 979
970 1254
945 439
2011 2175
1358 691
1454 1211
579 796
1531 1945
1098 1116
1197 1057
956 465
744 555
382 427
1213 1455
1243 1205
1103 1282
1120 661
1779 2451
458 878
971 1437
1416 1158
1683 1826
1161 1387
804 1024
709 869
1078 1682
740 459
769 410
1055 799
934 448
1566 1615
824 809
1055 1187
1245 1755
1135 810
272 482
929 432
907 1092
729 399
973 876
1023 1414
1047 2003
1155 2147
1182 1117
1203 499
1622 1171
609 1303
566 464
1356 480
1004 515
1094 1495
1508 1161
1043 807
876 1454
1010 808
1097 1005
2040 1408
1012 1034
862 1063
1121 1044
831 436
862 458
1364 1009
957 391
1134 1573
719 1209
606 404
584 608
936 387
1291 541
545 1238
744 1006
908 943
783 1011
531 435
1045 431
424 556
203 423
555 1067
675 1110
867 550
1228 436
1087 561
1267 1200
990 699
1215 758
984 1016
1077 1336
854 458
990 1129
1007 805
358 611
904 1126
580 824
409 757
830 435
1174 1470
394 401
671 685
664 914
1136 1689
979 793
1623 2071
1588 2181
561 400
1352 1402
461 516
648 582
798 488
764 970
354 387
1080 857
420 403
879 399
1123 434
1213 1296
1132 949
1221 1796
1234 547
794 549
631 1327
1455 2291
1379 1636
1348 1544
997 859
1074 1744
303 843
1630 1152
1215 1884
855 556
1233 1515
990 971
1389 1192
385 1183
1042 581
397 387
1679 713
843 408
742 412
1230 469
851 434
1256 1571
918 1026
1005 1499
930 819
1212 792
595 419
1174 1679
822 1350
914 1505
1433 489
472 503
1281 1851
1123 1062
1133 527
270 513
656 640
1790 2009
785 1316
1403 1037
1346 1629
1157 1564
944 800
1016 902
1503 2068
1348 1544
1313 1233
819 932
1568 2090
700 797
523 393
1498 1896
1053 467
1017 1802
1063 682
1132 1185
868 1041
296 387
1084 1505
764 839
1278 1774
1268 1548
2105 2457
673 447
1344 1891
974 1601
506 787
1230 1461
635 952
1175 429
538 799
1003 1382
1609 2287
958 1111
934 1123
662 448
710 806
698 439
1201 436
675 458
1355 896
1012 391
771 795
1224 413
1001 734
688 756
1192 1515
624 402
1371 1535
979 595
759 1027
887 834
1114 506
1906 2646
1099 933
1024 781
1302 420
714 1369
736 924
1121 743
1004 523
1171 531
1544 1701
421 400
660 536
689 1068
914 1161
1028 610
689 412
1489 886
815 411
668 994
1420 509
1101 935
1642 1499
1002 1185
852 809
1235 661
1644 1928
832 498
1211 1323
1252 1071
441 786
1172 587
1056 664
826 1273
1333 532
786 488
1418 1013
553 1111
642 397
650 785
911 1291
1023 1208
1219 1215
1005 817
1069 1731
1018 1481
1649 1372
531 406
1960 700
655 417
1336 1480
1053 1547
511 387
1503 413
667 718
618 571
795 799
644 1292
1054 1195
790 1067
1413 1140
1181 985
855 709
1722 2012
788 671
1040 1330
1015 1232
1151 847
1336 1861
1133 411
791 1014
595 907
1064 403
683 541
1180 833
759 1000
1076 1455
655 1186
558 575
1254 1519
1002 1699
1420 454
1869 2433
812 433
833 1123
818 532
1165 685
732 448
602 460
680 1051
848 958
1097 629
1304 1582
1399 414
1214 392
1132 1347
1183 796
1136 1687
585 1205
989 1154
1366 400
1065 1201
1544 754
968 400
801 437
233 411
1969 1291
725 429
733 797
654 410
1152 1351
857 902
1226 1410
769 478
1206 1717
1231 1163
1067 1530
1259 1027
1055 817
935 546
788 1058
1313 895
969 1026
1410 400
934 801
771 417
369 387
624 792
1350 1993
557 396
654 429
786 875
1244 1283
788 387
915 1383
786 1118
1425 1213
783 614
1164 907
1055 1199
2060 2613
877 805
1396 1720
439 412
1367 1029
1319 809
610 544
578 584
1168 1831
802 989
1229 601
694 648
945 1306
494 706
1310 1546
932 392
431 629
1289 1755
443 738
653 1213
673 462
1125 1497
1443 2321
710 899
337 407
1001 640
820 786
741 963
733 808
1094 676
757 399
820 1438
959 1163
1206 845
1514 1112
551 618
1339 428
1339 1206
955 939
1105 1360
681 1699
975 514
1078 887
366 478
1199 1063
1099 1822
1934 2140
1072 1298
1425 539
418 446
797 718
806 1001
1294 1233
977 1733
497 814
793 447
1579 1896
1061 1142
962 698
829 428
1280 1371
1316 912
901 1484
852 1010
213 545
660 1382
668 492
1238 1496
1130 1441
1127 1476
983 1191
636 1527
1414 1077
1305 1367
1244 675
1167 1499
440 395
913 1186
940 428
1764 2666
795 918
983 801
1096 1721
809 1056
1197 1209
1015 1339
1789 1096
986 1430
1124 958
915 1211
845 1043
1255 2017
854 856
1271 1022
692 464
605 435
787 438
768 464
640 967
1400 1634
1012 1115
670 403
913 436
959 1387
1213 478
1042 1174
1298 1290
441 475
831 860
1124 1467
1627 1831
863 1035
451 489
797 781
1275 451
551 434
714 839
1225 1647
552 1186
664 418
729 555
820 387
1189 1563
1221 1200
1499 1549
760 1221
580 1322
983 849
200 387
960 1892
1092 2031
828 1148
541 410
933 512
1153 899
785 988
1001 1562
873 439
1760 2161
1426 472
922 807
1322 1567
853 1289
1064 522
886 475
614 400
650 429
1567 1374
850 1087
828 1333
463 953
1047 1536
746 800
788 1138
738 944
809 424
969 696
1063 527
1065 782
840 1003
869 593
189 787
875 1367
1798 862
1174 1752
1241 2146
726 1839
613 421
1204 926
875 446
809 1201
1062 552
741 787
1383 857
1043 805
598 779
663 941
797 790
1348 1210
622 469
733 1175
1133 477
783 1279
1514 1698
1014 1459
1534 2304
1031 1349
1061 971
1146 845
1139 1313
1085 412
571 464
399 419
881 863
1213 1773
829 1344
1043 561
540 427
1150 672
1643 1248
1147 713
1303 474
784 1011
915 428
1258 1124
1285 832
959 1764
857 801
782 694
1244 1925
1073 1319
1654 1776
875 423
925 1140
1396 471
375 824
952 428
571 585
462 1248
730 1031
1373 664
1436 1458
941 543
700 1391
1283 1171
436 529
870 1835
1360 1636
402 400
1101 1047
939 785
1262 1165
1641 436
1200 1325
1323 610
1179 811
391 387
1201 387
1407 2416
1280 1395
1263 774
1253 1405
1079 436
1071 1030
1144 410
1431 1951
102 435
693 770
1348 1692
795 1044
762 792
1016 1323
575 412
815 787
681 800
901 517
378 554
783 490
1447 1145
744 472
560 440
1203 502
564 746
722 522
440 434
1417 1708
911 870
588 399
535 812
488 392
1586 481
416 1278
487 437
903 908
1272 1078
642 1232
638 716
604 1009
1100 1764
1372 1227
877 1192
719 872
1122 387
996 563
1055 1084
1267 1324
874 391
1285 832
955 787
722 796
383 472
1107 1622
887 819
1061 438
1227 1826
1139 1538
757 1228
1041 764
1381 397
1041 1180
1123 1339
963 1272
1160 846
950 647
1034 787
891 1265
1359 524
759 476
1549 467
1121 948
1303 1438
669 432
567 1267
1241 1009
1002 1627
1471 1488
1296 616
743 425
854 809
675 387
1300 785
933 473
1062 1483
923 1083
1023 1508
841 1356
956 592
1629 1621
639 787
669 450
1200 400
1050 519
689 1023
1267 953
1074 537
778 786
883 1085
1137 451
1186 1566
1143 480
238 456
999 1673
710 824
1352 1922
436 790
949 660
818 606
1202 1998
456 411
986 1402
1643 1200
858 436
929 1200
1045 412
546 802
1460 1911
968 892
1490 1956
949 671
1060 461
1144 1542
1095 1315
812 661
1448 1391
935 788
1798 1006
727 459
1400 829
1331 883
1191 1820
1077 449
1057 837
1467 1273
1105 432
974 782
1081 789
802 393
1852 2192
1130 1186
1484 1803
383 508
964 1409
1685 1850
839 879
1521 1573
1726 2085
1816 1714
1281 833
727 665
1054 1327
1307 442
569 419
761 434
817 1329
504 457
1434 1217
1097 464
1029 1263
868 798
699 1275
527 864
1003 430
595 861
475 423
250 408
394 396
875 450
892 433
943 1027
1583 771
2045 2326
811 1380
1323 1951
1364 1996
372 1337
498 956
788 1211
639 784
1721 1106
427 625
731 457
797 829
824 1410
903 1294
857 1215
1068 1298
1304 1976
820 1022
794 1100
801 964
1412 1602
680 453
709 925
1073 1196
1079 1037
1499 1591
1389 1684
964 1258
1365 667
904 819
1247 1685
1299 1291
771 814
1239 1315
1283 1595
1041 790
1015 435
817 407
1040 1007
639 393
1369 1633
1432 2009
755 831
1161 987
448 412
1358 1874
983 853
1100 1371
1540 976
651 552
1005 1039
760 1240
876 447
1451 451
803 436
725 451
175 421
1397 2132
282 432
1675 1002
811 862
940 1384
779 653
591 411
1253 540
1022 1596
1020 1556
1463 1482
1137 1151
1222 1422
468 450
872 981
871 390
1081 1417
609 443
1175 1444
702 810
1114 1355
483 412
1823 2800
862 1203
746 478
990 1320
942 400
580 469
971 498
1131 478
917 569
1073 1420
1915 1006
1334 1269
1946 811
657 737
1217 1136
2367 2912
1021 452
1147 1154
1226 1660
1187 1040
894 784
733 429
1037 508
1131 414
741 482
1224 1006
1340 2070
645 1255
819 798
811 793
976 481
1504 1496
529 810
2167 1920
1172 612
635 863
1244 896
1075 1727
1262 532
891 629
1059 1527
1315 1446
1393 1003
1063 817
1028 475
1578 2253
824 862
875 530
1230 1569
929 816
1432 2239
640 856
805 1411
1222 1189
830 1070
920 405
859 1565
1256 387
1887 1408
423 434
1322 1367
754 1189
804 976
788 545
745 1118
790 616
798 1333
675 430
1012 1593
982 855
878 503
1328 1473
1754 1110
1246 1497
1235 399
1910 2006
1210 1539
1127 595
1374 1019
859 590
696 421
1052 1459
1044 1456
1339 847
912 756
856 1200
634 645
1684 2219
653 593
989 1394
1242 438
1174 1155
993 1071
1069 412
1005 1106
1185 1302
396 787
1230 1787
1452 428
1483 1386
596 423
991 612
457 494
466 551
632 795
1466 1177
510 453
700 412
1328 1638
573 985
1008 1063
1560 1125
605 1128
1199 1495
1148 489
1308 2051
1013 1109
1242 1776
271 585
1831 843
392 424
1352 826
703 412
1223 905
599 399
1074 1012
858 1207
438 448
671 958
809 566
1035 1499
905 1172
735 396
965 1200
1131 1604
1092 1496
920 422
1105 551
1046 476
1238 1160
747 469
1241 1265
919 835
853 429
548 821
760 953
671 438
1463 1155
337 387
1028 1104
1048 1514
746 494
641 949
1146 1534
1242 1682
799 502
1005 404
931 1549
511 411
1512 2252
1350 2480
840 513
1008 547
942 493
799 470
875 1464
1456 1927
161 399
678 1246
1234 1001
900 1286
430 787
1106 1639
1260 1438
499 387
1229 637
319 485
1359 1073
1350 400
1086 1782
1137 1618
844 1368
702 983
689 746
1288 1486
817 1227
832 518
824 400
1221 991
724 567
1488 1749
1118 1996
480 450
1260 2006
777 1162
882 899
770 406
721 412
1043 1728
1131 431
891 879
838 1602
710 1055
1183 811
996 470
822 1218
676 495
519 411
1129 400
880 415
518 735
1535 1095
1389 1091
1035 1008
1032 1301
640 811
1078 1008
1562 1627
1474 1213
1336 2160
1338 400
1025 721
1346 2125
979 740
593 1107
1292 1067
372 450
783 1066
2016 2824
1015 941
1404 1494
1077 889
1537 2286
1012 410
693 1354
354 862
1030 1894
1086 469
1108 1118
646 770
1003 1521
733 863
1197 1535
1255 1910
1185 620
956 1590
300 411
1316 2235
1362 1777
1199 1213
1674 834
219 416
1196 440
1320 1188
570 431
1127 1135
308 477
1555 577
1824 2635
1025 1507
1059 1576
1090 805
700 812
1302 1577
557 1083
1052 396
647 715
1401 401
900 815
1324 1938
1307 1680
928 566
244 786
557 404
997 1447
449 454
401 809
900 1134
902 1356
867 495
900 583
394 787
1090 666
1545 1390
697 1163
525 647
646 1291
946 1293
1108 1820
1594 1800
1277 1611
903 676
1084 1044
240 410
1379 2354
1202 1572
846 1321
475 768
1421 1554
1012 1453
743 787
577 577
680 453
1012 1180
630 661
1061 400
1439 587
190 435
750 1459
1322 849
842 424
730 421
1781 1234
494 1026
1296 892
982 1178
1094 409
551 786
506 425
906 805
1443 1607
956 1011
1029 487
1070 762
971 801
988 1233
625 396
1449 1986
357 450
1030 1133
1313 450
869 412
1028 1013
995 548
388 540
210 412
1609 2080
680 1566
445 400
1181 1218
953 1027
1058 1383
606 608
804 1009
481 387
880 427
641 792
932 837
1078 801
650 1286
1224 875
306 463
760 422
1017 934
856 1253
1559 1421
733 476
1449 1667
999 1856
584 830
1365 1632
1451 1898
874 400
1078 1259
900 508
992 1019
1073 1099
1144 1927
727 803
1283 830
1388 1628
758 759
1184 1027
886 1425
1085 1009
627 398
1018 1358
1421 1251
1486 1503
886 743
633 925
716 1189
981 647
752 503
588 500
1150 1271
1150 1097
458 666
842 1005
707 527
1135 1862
988 1189
990 1209
1483 466
1241 1532
690 779
703 949
941 460
1206 1518
900 1933
748 977
1006 1033
1581 850
813 919
417 796
903 1070
1076 635
1303 1930
925 579
1003 1036
1529 1732
788 1322
959 399
1368 1869
973 1667
1042 1421
1258 1195
1168 1546
1420 1897
417 487
804 436
1598 2090
942 977
512 411
1413 1768
863 607
878 1610
1112 514
1057 1682
957 588
1219 1869
766 1192
1840 2403
1504 2105
168 786
1000 428
686 399
761 968
704 467
1060 390
855 1137
1703 2232
1162 565
1043 1077
1097 1519
1672 1201
464 866
676 429
1001 1730
1024 1069
1121 1332
641 447
1092 1725
660 1456
1408 2144
807 668
780 539
613 636
1116 1322
629 704
781 409
999 1440
980 998
411 1001
796 589
966 1545
1022 613
1244 892
626 387
983 1273
520 521
778 420
1427 2038
742 427
912 1312
899 1210
804 927
827 422
1300 1606
1033 1211
1173 392
1001 1260
1074 2079
808 634
1279 1631
731 814
938 1300
402 426
1050 611
1134 1461
1039 1658
1297 893
692 833
1134 1295
1152 981
1243 1211
631 539
1544 2257
1058 1601
643 983
719 443
1212 1159
621 887
703 506
797 548
852 797
745 1265
868 593
521 735
1216 658
2272 505
334 387
494 1152
547 1051
718 463
713 457
677 502
1134 1555
1912 2417
839 1138
591 1039
987 1388
1369 1660
1392 1323
1386 1319
602 516
912 1129
327 813
752 491
1219 407
1098 452
775 438
670 387
808 1341
813 411
607 426
1165 1013
1435 784
1543 1689
1240 1417
786 1306
962 1257
1667 1920
815 1316
1330 1044
1357 1201
944 427
352 808
1129 1472
1027 1635
847 435
1384 1061
941 1051
799 929
591 435
1035 1439
1262 2085
932 420
798 903
899 791
1414 1883
798 1708
553 1159
1471 830
1472 2122
986 473
884 424
587 590
956 868
1193 837
1474 1019
896 1162
1036 1320
951 434
694 1688
1317 513
786 558
945 885
1067 1502
1341 1818
1208 1739
589 819
419 797
970 1294
1219 628
1246 1487
1052 502
844 1142
661 948
738 1118
1207 1183
839 1162
1086 815
800 1291
959 1093
1405 1369
932 501
1003 1182
777 392
1372 476
1170 1434
796 1263
639 1199
817 786
1008 906
545 402
745 810
973 423
1025 954
1011 930
765 1002
519 1322
736 776
1445 2049
2092 2427
1535 2059
640 411
1389 1916
1278 1068
1130 1410
1148 1505
467 473
946 974
904 786
1047 1363
824 860
860 1196
1384 1872
940 1079
237 431
631 1138
1186 1066
1042 1248
1861 2312
1069 578
773 1366
805 857
1285 873
492 400
1322 1737
1298 1472
396 810
1560 2005
1119 400
1458 1878
1404 1319
1254 1714
1187 1677
1518 588
754 1054
954 1359
1013 1489
1816 459
970 1023
1269 1597
1539 2083
1518 975
1753 741
1194 1914
866 532
680 1149
1198 773
913 722
903 928
1592 1779
1330 1226
787 400
845 1653
803 802
1108 1545
816 387
656 764
989 1421
1046 503
1299 1074
1151 1071
946 1280
1330 1855
1767 2313
876 475
1453 2006
1213 1345
1366 1869
1696 2644
370 425
796 652
434 406
1212 1243
954 416
905 1381
328 387
720 1169
1354 2016
1489 1770
1432 1222
1286 1135
1434 438
1609 1698
615 636
709 437
676 770
784 587
922 1166
1325 1523
1059 795
1747 892
1200 750
860 434
524 491
1082 595
870 872
1064 438
964 414
876 560
946 961
1115 1440
1352 879
1780 428
1054 1228
1045 895
724 1903
1413 956
836 837
1041 1602
958 1177
623 582
721 963
968 799
1174 1371
1679 1461
1503 1220
850 1192
413 387
779 797
724 864
1147 701
893 876
1144 1333
1174 1512
1255 1327
974 1136
457 659
1254 1196
1588 2248
422 435
990 453
1801 1873
1125 1027
568 492
774 847
396 391
1393 1645
1685 1080
711 961
1606 2615
727 1230
762 534
903 475
854 768
236 908
1031 1659
1020 816
574 503
415 437
1030 1467
685 1712
973 747
1099 1369
892 464
1935 1176
1609 1981
1157 1121
1182 484
1078 1425
1400 1630
963 1762
559 434
1168 1712
595 544
1900 1673
1341 1107
1302 1585
750 978
474 820
1026 633
1352 585
1401 1643
1032 1216
895 1195
752 650
1303 1976
1413 1246
527 400
653 1184
733 835
611 1348
921 413
747 819
802 955
882 899
1051 435
610 461
647 1185
1048 998
1593 1352
1629 1344
1090 1803
1241 1200
678 1049
850 434
810 1184
702 429
1254 1666
940 1479
1150 986
1201 793
789 992
1339 1288
513 558
1212 1566
1667 1893
666 539
989 1386
907 425
805 652
999 424
836 449
1130 432
880 909
974 1369
1197 1721
1031 1273
471 482
1021 1320
1023 1146
1136 1274
835 832
1277 1194
965 1674
1288 515
1436 1263
725 1069
1439 1883
891 682
1965 2677
1894 469
1151 1446
1048 1155
1352 1379
740 412
684 746
1379 1214
724 1471
1592 1811
829 428
1042 467
830 1068
1115 1354
1364 1927
1296 1140
1180 1116
501 422
1021 1185
1443 1394
928 468
1351 1917
1007 684
1287 1091
1152 766
794 808
1188 805
823 1331
573 817
504 412
519 970
827 1388
1382 2024
1213 784
1133 1187
1420 1636
913 1123
1105 769
1241 1338
1254 801
919 795
936 800
825 1252
1357 1358
1146 585
851 786
987 883
847 847
551 423
1071 433
1105 390
248 400
1212 2012
996 827
697 836
778 1239
1174 999
921 693
1379 1452
1156 2046
928 752
1118 1125
1179 1955
1292 1857
1392 2222
592 645
875 404
722 797
699 1137
1643 1494
1153 1006
878 832
658 418
1294 1200
1125 1162
1168 1288
1487 1972
1727 2192
799 424
1088 1129
670 542
1476 2163
1377 1994
1164 1371
1141 1288
789 835
1119 1434
1490 2469
752 1412
1097 951
793 814
1361 1610
1177 2072
769 434
860 387
1788 2337
407 399
1580 1365
436 435
1461 1949
938 1194
1542 1695
737 594
1189 1731
888 1421
1187 534
945 1362
1187 1624
1128 390
993 1698
1171 810
1041 1209
627 944
1152 1867
985 419
975 1095
1187 859
1336 1010
1146 689
955 396
1240 1014
1037 1391
696 760
1282 536
617 499
1723 2879
1415 1870
1164 1359
651 610
1158 400
1068 1086
368 790
1241 1045
341 514
1623 1315
1034 1590
1112 476
618 1187
1457 1770
1146 1096
1313 1150
696 763
534 577
1504 1963
575 471
219 405
1356 417
572 526
644 690
1162 1560
1125 1879
1343 1877
703 1372
1128 1428
1544 2430
1137 898
1615 1887
715 446
1273 1087
880 661
546 793
1896 2397
1077 1302
1376 1389
1024 489
968 549
699 392
998 530
1033 1572
1531 453
893 588
1448 1556
1111 861
1497 2388
1102 1061
1085 651
726 1017
1340 1476
1661 1582
929 439
911 626
718 814
405 535
792 1074
1790 1876
1007 1140
729 480
445 422
1234 1160
903 1474
2125 2837
1194 932
1101 610
358 888
820 882
881 1078
342 886
1668 443
1040 504
1177 1763
2027 473
1008 1097
1127 532
742 851
948 1774
1027 1174
933 776
816 434
1233 1539
940 1281
520 436
743 1183
1099 1948
914 641
1164 1818
275 414
1038 466
633 520
346 479
1099 1650
1281 663
497 398
1112 508
759 443
1229 502
837 400
615 1188
1017 1779
439 505
1159 435
799 1192
907 1147
574 974
1335 1043
1116 393
1495 2140
1391 1833
362 895
686 790
829 935
744 463
807 397
941 400
964 1268
906 1025
1286 1712
839 1122
1057 1189
694 562
1076 822
1292 1819
1183 1282
1461 1261
1614 1546
594 473
528 391
1024 904
1318 844
1136 1202
1115 995
1705 2187
518 493
636 590
934 817
667 485
1031 633
1143 817
1232 480
897 1665
1269 714
1613 1018
753 993
774 877
1433 1086
1266 1844
570 495
1529 1506
583 543
335 398
988 1136
963 389
1188 1184
1143 1833
1495 514
1258 1638
1545 553
1151 809
723 455
1251 1726
1373 2050
1000 1009
299 595
799 727
659 1076
1273 1912
937 437
693 1161
962 1222
1569 474
1261 637
1190 1672
1091 1134
1406 899
828 583
1393 2075
810 814
743 1202
1654 2482
1235 401
682 410
935 436
1208 561
785 901
1304 1377
1295 492
1477 1252
514 504
1000 1229
742 1181
1195 508
805 805
727 454
335 663
1334 835
1019 1131
918 1157
1983 2794
1260 1037
424 436
1072 1375
1604 1052
514 801
1136 1618
1005 1263
1573 1653
1179 1007
1309 835
586 477
1334 1454
1026 1187
653 405
1989 2457
453 438
577 412
729 425
517 668
726 434
769 1183
1167 1319
1062 387
880 1048
849 1079
1141 453
1172 1881
762 1571
1129 1085
655 1363
695 924
955 686
966 585
819 670
1258 1032
1241 1591
984 1310
1397 1691
1911 1525
1099 1468
1199 1127
1185 1204
1294 1927
697 865
1094 1650
979 1142
1086 392
1557 1012
333 531
465 424
1002 554
580 1095
912 635
655 914
970 1626
1243 1470
2246 2660
769 1194
655 989
1086 1146
855 640
1679 1904
1388 1081
1008 588
1249 834
1729 1022
1093 1130
449 804
299 784
401 565
849 794
892 799
1066 1245
1258 892
762 417
984 1996
876 824
365 494
244 400
330 422
1150 1527
942 427
2052 2321
1334 1816
1056 1055
961 959
874 1187
932 869
1000 1339
1036 1489
1273 1741
1235 1631
451 429
1272 1316
821 1479
1914 898
1264 1434
862 1530
821 509
987 1361
689 1142
995 516
788 1374
1013 411
1380 1901
1047 1349
1194 954
856 1368
891 1708
826 477
1311 1789
1071 1368
1420 438
805 928
708 1102
1001 595
1961 2023
1188 1356
1210 1314
1453 412
1271 1382
582 924
950 681
1458 2024
1317 1443
1176 1210
901 710
981 441
834 784
970 691
937 1193
1019 1060
1599 2287
699 1739
1193 1396
1102 507
419 1111
1103 1514
434 570
1208 820
1601 2239
1029 518
652 435
709 640
1240 1190
1162 931
623 453
1551 1311
1226 1233
2010 2312
414 563
1045 1432
857 1033
1166 1597
1294 1680
1434 2107
995 1070
531 579
1615 2104
874 1005
1033 1019
1451 1103
623 1014
722 582
1166 609
671 788
1083 511
1256 469
743 1223
1077 1531
1240 861
1208 1421
1293 784
1452 1392
407 421
1020 524
871 792
1107 1677
1512 1280
1052 716
1195 698
1073 1903
1054 433
386 787
1197 814
625 468
869 446
957 1294
797 841
644 428
720 796
1288 412
1058 1375
985 683
972 432
968 576
929 393
1008 1193
1377 1207
854 913
840 895
1586 1863
1028 470
608 427
1258 437
872 846
1016 435
1168 1601
811 425
638 388
1843 1427
1096 1389
1031 1119
788 404
845 604
683 412
410 387
1263 1300
367 580
754 1010
282 425
650 399
987 393
1485 1578
1547 1937
555 1139
518 428
1136 1384
1424 1509
1486 1778
638 567
821 656
995 1312
1202 968
1018 1201
737 435
686 1063
1161 387
682 1253
1249 436
861 1026
836 1454
839 434
917 393
2159 2737
2050 2060
1417 1957
971 1074
698 987
795 793
1455 2013
1567 1170
946 450
813 769
216 786
953 1190
1207 1403
572 475
1196 584
887 972
998 631
1360 1658
838 794
726 1266
1415 2051
519 451
844 446
1000 439
1336 1521
1118 471
527 950
753 787
1230 1180
974 1143
1137 1662
1140 722
1228 400
958 1147
1390 1450
1204 1052
1845 2135
1023 1347
769 439
1415 2107
949 1518
469 411
1104 1069
921 1531
1512 1701
767 606
959 533
772 729
863 387
842 1384
940 807
888 722
1198 1928
1038 436
1002 931
958 1548
1279 625
942 1472
909 1567
894 936
523 472
974 664
729 1188
100 387
1199 1407
1371 2209
612 400
693 735
758 542
1089 933
1486 436
782 550
634 438
1352 1293
570 428
891 1580
1096 1346
915 994
1128 1283
1476 1608
1785 478
805 1342
1031 1451
567 512
943 1461
1134 1487
1146 1187
1224 1497
492 671
862 387
851 658
760 455
846 1365
1380 1879
590 1389
1668 439
1000 917
372 387
750 408
1518 1758
1303 1151
881 1579
728 787
1071 1325
1311 391
507 563
840 851
960 520
323 397
560 494
853 403
628 796
1264 1548
864 495
725 805
1120 1351
1482 1512
963 445
1387 1000
894 804
1570 589
1219 1179
864 601
533 880
687 729
1052 1059
1029 1069
1131 2070
1374 852
976 1017
1350 1472
763 422
1030 825
842 915
1149 1525
922 926
668 400
965 713
1153 446
1761 1808
1170 1843
873 1382
810 617
2163 2377
1017 1525
1268 1328
1131 616
1179 834
773 419
867 1070
1190 824
905 796
513 418
1214 411
821 850
828 1032
1380 991
752 1284
819 1186
901 1184
1514 1233
843 470
1294 2143
629 436
1348 1130
770 614
1504 1459
1472 2028
1046 774
519 1293
1238 1707
965 734
1168 1042
619 803
1143 792
180 787
807 1321
984 1099
656 582
1047 1566
795 1210
1254 652
437 1053
693 390
761 1008
1235 1009
913 435
843 453
1446 812
906 1226
1016 1256
1151 1085
1137 1277
605 820
710 507
486 461
1246 450
899 820
620 387
907 1192
648 411
893 394
704 858
1224 1557
892 436
1207 868
1692 1733
965 1065
896 1297
1465 1456
921 1187
912 1185
1183 1814
901 608
1490 2081
1304 1793
1544 1578
643 551
1128 421
840 423
999 555
1050 1616
485 399
390 494
1041 1249
812 657
742 1544
959 928
1271 1555
744 907
1151 1578
559 859
592 798
1176 743
1523 1335
823 864
1239 2297
441 403
732 809
1014 1366
1697 1356
774 1008
1539 1165
1179 446
1162 851
1074 1497
784 1481
1299 1164
784 1084
1955 2416
378 857
953 1246
1212 1558
1088 1361
236 430
1072 869
940 1360
2014 1351
612 400
1347 1509
876 468
1416 1657
1176 1598
1211 1083
1310 436
1610 1835
643 852
1282 549
1048 463
1023 1464
1085 799
1016 603
633 1079
1351 1379
985 1444
1605 2139
531 398
1120 990
995 442
1003 1488
803 551
1148 503
1660 2296
1303 1175
1108 1364
1114 1540
873 412
1045 398
1370 1187
1050 1205
1002 542
1245 1458
1272 402
865 893
705 421
1006 412
907 831
1544 922
976 560
850 608
1117 1157
1216 577
658 496
860 424
303 1015
1081 863
1348 565
1163 821
694 425
920 786
1222 1688
1355 925
814 487
246 432
758 894
1583 536
876 1186
883 901
478 625
1259 1383
1389 1186
1534 1386
823 432
900 1142
1674 1656
1275 1272
831 528
1223 483
1411 1691
907 608
910 637
506 512
1069 784
1053 1322
1066 1666
1557 1820
733 444
1394 1475
1105 1535
899 472
1147 1527
1287 1559
789 1260
1465 1950
1332 556
935 1298
900 1072
1201 1305
748 454
1788 2208
976 400
1288 1331
1238 1399
1366 2473
898 408
807 402
1049 1744
1157 1139
957 416
864 677
1150 1190
893 977
1421 1459
1021 1462
796 441
815 802
1036 1730
1072 712
859 992
662 997
712 840
1075 1539
1113 411
1302 1245
1103 1556
549 393
1115 1071
705 1163
477 459
877 436
1154 1518
995 1752
1173 1716
848 731
1064 438
781 999
1190 605
1064 1292
856 909
1296 1257
728 446
1632 1670
586 784
1071 1192
1034 1119
954 1163
1436 1984
944 1019
1467 1229
1917 1319
872 784
1906 2079
856 473
1252 1722
872 1410
1413 1395
1362 873
771 412
1373 1207
924 860
1066 843
796 1162
850 423
1009 810
490 435
1067 1444
706 611
720 711
1403 525
986 1359
996 1472
1474 1597
1304 1783
613 437
969 736
902 770
497 802
1300 1885
937 1443
1032 1381
852 895
1488 512
1073 1065
1122 621
1301 1619
1380 1640
1199 1583
1106 1187
904 1248
931 1118
904 659
615 411
1905 1210
703 1095
1190 634
623 411
404 787
1414 1121
1565 643
562 962
1341 1578
1000 808
1118 392
816 855
830 1185
1139 433
330 404
1373 1683
825 684
1264 2111
881 1624
1248 1338
528 424
1101 521
879 1514
730 483
902 1426
1279 1728
1078 844
1023 839
484 709
1140 1330
1000 1204
513 399
1296 1058
1108 1585
630 633
1381 1579
532 1012
1196 788
718 1397
1270 562
1291 1033
1002 1512
655 434
1462 1987
1232 434
1825 2101
1134 822
972 800
1000 437
921 1441
427 527
372 387
1048 800
955 1514
2149 2156
1175 1213
654 838
1018 1436
1636 1735
816 434
832 1425
689 1267
1117 1668
688 389
1019 1302
1178 676
917 1412
1703 1206
994 1003
758 445
1427 1984
1174 1694
472 399
1206 1623
1006 458
1010 577
1115 1515
797 800
1341 1536
862 404
775 848
887 875
1400 1017
1204 975
1636 420
1350 622
1397 435
1405 1882
1264 1507
1949 1039
814 1371
457 391
1045 392
902 865
454 418
807 1190
1094 1337
1430 699
1466 2142
1168 395
1389 2192
953 574
1009 1596
454 444
1043 594
1195 1442
1834 2110
1276 1862
1119 1577
896 539
1196 579
509 588
1653 2566
806 434
911 770
1224 823
1366 1134
796 535
338 786
813 846
705 520
1269 1062
489 418
742 634
1503 1592
935 639
947 431
688 467
1342 469
806 408
617 439
1140 1306
1630 2253
1043 817
1886 1912
615 833
1484 1335
1317 1273
1615 1249
593 1095
900 1187
624 443
771 436
806 697
340 419
1197 1007
1210 832
918 419
1247 931
1115 1150
1123 1195
1012 745
795 436
903 822
914 716
936 444
575 452
500 412
1607 2085
744 776
804 490
1624 1260
1015 1133
1031 387
762 790
928 1447
691 1125
1132 1104
1067 725
887 822
1202 1490
575 518
1416 2349
449 835
1346 1358
1104 790
941 476
639 452
1450 2103
915 1189
1609 1788
1293 1508
1237 795
1183 634
845 1009
968 1094
1175 801
1429 1200
1053 1640
1376 1285
1147 1057
1150 436
1536 1034
722 917
1331 1861
1159 1222
1153 433
783 436
747 649
1474 1235
1068 859
1247 1856
490 387
411 503
925 1652
1540 1893
887 402
1012 1006
1366 1975
1060 1089
1143 1660
1662 2703
1307 572
1135 1267
628 464
1238 1354
1308 1695
545 758
761 590
461 387
980 1002
1710 2462
931 461
903 749
1098 1697
674 885
953 1180
1270 1732
955 1119
1045 723
1754 2587
544 872
1161 445
524 429
780 400
1619 1592
1328 1184
1375 1327
1292 1082
1709 1580
617 915
1511 2224
1600 822
996 800
1365 1723
1200 1637
1576 1287
1070 1035
1161 1277
1099 518
1561 1283
859 1210
540 400
1241 1852
765 849
692 1231
1250 842
1657 2545
1071 1186
874 1011
1393 1725
1107 1460
1102 935
1417 1598
1196 1152
895 1225
722 1275
1405 1030
1230 1328
1220 1417
939 1184
1613 2197
1605 445
1738 663
1116 1186
819 554
977 1215
1128 1732
799 784
697 426
248 609
1057 1210
897 393
969 1229
1442 2034
443 787
1078 1102
1396 1796
530 820
1233 1802
1118 1146
1250 1064
515 842
822 810
1184 583
858 387
1131 1101
1343 2040
1058 988
1606 1420
1058 807
822 476
1609 1773
769 439
1581 1849
875 1340
1571 1211
734 1211
1285 1252
1685 1710
1410 2157
1353 2025
608 431
1419 506
1029 444
1577 1946
1863 1347
871 991
1253 1689
1859 1751
873 836
790 1262
2354 2836
498 436
636 793
1541 518
1953 2064
402 433
1545 1541
824 818
1644 1922
1662 1241
1172 543
1275 952
1260 400
982 446
951 993
639 434
711 1465
1358 1662
540 1114
735 435
1091 778
617 490
1146 844
1066 1077
1051 1257
1337 1506
672 771
628 387
685 1311
1031 1246
1283 1731
1165 1202
775 400
898 439
1247 1200
332 411
1081 915
1515 1215
1650 1201
1266 1197
1285 484
683 714
941 1038
1326 952
259 769
1393 1549
654 1087
1190 997
1166 1212
1008 400
1291 927
1108 664
779 875
559 842
1483 1270
888 1343
1061 787
950 1337
1083 1534
656 1031
1371 2173
1626 1421
1196 505
2023 2116
1408 434
1124 911
1347 1393
914 948
989 1588
577 615
1162 1290
658 823
819 632
783 1138
848 429
790 1087
836 720
509 1502
1209 425
643 1290
348 525
607 882
750 856
1114 1728
1173 1242
689 552
758 420
1213 434
1299 1727
1052 1451
1095 1209
937 725
779 620
1113 1440
1252 979
891 1782
1127 390
956 1132
1020 888
1084 461
815 1524
867 399
1251 610
1489 1036
1163 829
1254 1400
1401 1632
659 802
418 452
1709 1535
1617 1980
584 430
825 474
1415 1934
917 973
779 412
1116 1482
1236 574
1274 1195
370 449
369 802
915 771
1086 600
770 1198
1150 1657
1417 1265
1449 1126
1466 1953
1066 1460
1688 1352
1509 551
1171 456
589 919
1538 2046
1981 2825
1142 1226
989 491
971 392
875 1196
1869 2688
672 1269
1284 1988
1338 1823
1141 1196
1500 1772
1546 1893
914 1303
1133 1423
1443 1672
920 1190
469 509
562 389
1097 844
1301 1898
1138 546
1565 1669
1584 817
822 391
972 1227
1155 1366
510 387
652 442
922 1741
1436 595
852 1626
807 1053
1258 1301
831 914
618 426
1060 805
1020 808
1254 466
1138 824
798 533
936 431
1171 460
675 427
566 424
1109 1050
974 410
1026 1315
761 1298
970 1298
1292 453
990 882
1036 964
1662 2223
523 487
920 805
423 436
775 1515
1427 1827
1437 1578
1171 1668
1231 1013
599 424
1121 1837
831 414
225 397
1288 603
972 1185
1284 1622
1218 843
831 603
1140 1524
986 761
778 543
1197 1361
298 429
1226 1891
812 632
724 461
1351 847
739 553
865 411
1114 817
1080 1314
1111 1571
1658 2072
1367 1448
1106 448
1354 439
752 1027
2002 2506
584 499
805 1095
1084 1854
1197 1212
642 828
1406 1986
915 786
680 538
1282 524
490 437
1027 1234
410 510
346 405
1506 1865
1208 1628
717 535
833 1378
1453 1915
855 787
647 885
1166 435
1240 468
869 1209
1626 1496
1228 464
829 434
1185 977
945 850
1617 417
1603 2108
580 1205
1215 777
1222 1566
1318 1553
874 1140
1253 866
1108 1125
680 848
1044 1443
830 1171
885 1029
903 437
1584 2395
465 1105
1144 1448
843 629
572 793
355 689
1070 1013
612 403
617 1021
767 431
1141 391
1499 1144
1292 829
1754 1717
1084 640
1023 492
703 847
1054 666
840 449
1696 888
1387 2071
1094 986
598 460
591 810
987 458
1109 1192
1077 598
950 809
1204 804
1506 1207
879 1477
1345 2051
818 408
1420 1192
1283 1007
911 1127
661 804
648 775
1515 500
1228 2536
818 789
1018 1545
999 829
1474 2037
2068 2499
1507 1710
1332 1340
640 629
1237 1503
1237 806
1017 1318
1508 1666
439 412
690 412
1686 1723
915 481
539 808
1196 1666
1065 1057
1377 1757
697 793
1703 2249
884 1145
1061 1644
588 1291
822 455
352 891
648 409
1609 1283
1556 1193
1474 1568
1214 704
1045 500
963 1690
1013 710
1393 1103
1280 1428
1376 1354
1303 1337
806 1100
1524 468
1150 733
583 412
1715 2470
1521 917
881 1112
1167 2031
991 871
1249 2076
1303 1223
691 1395
914 1189
525 869
1100 1338
1253 434
1049 1557
873 787
1018 1296
1052 1372
1207 1037
1056 424
1138 444
737 443
771 526
1701 392
979 507
1776 1223
981 986
1124 1623
1466 1627
954 1203
807 1229
600 1019
1250 1127
838 818
348 696
706 1361
1171 1139
834 1340
1139 570
769 1199
1001 1568
540 792
932 1834
1096 409
868 792
834 746
737 891
1214 1008
509 425
611 868
1068 1071
1038 794
1140 1188
782 465
1201 1731
677 516
903 636
1252 1207
1097 456
1332 1170
1357 2145
1059 974
1083 390
1091 1186
959 817
1145 805
686 452
1104 796
265 806
1308 1344
962 1358
506 1062
1359 1343
1119 1655
1655 2091
672 944
1281 1061
885 454
834 837
1055 434
612 784
1174 806
538 435
298 926
673 1059
813 1116
959 559
878 1097
557 1186
982 1105
1568 1698
541 510
963 1086
466 598
1016 810
725 505
838 481
1074 1047
1487 2095
649 1670
1185 392
1405 953
961 985
896 1185
1070 467
939 1460
396 413
517 428
1493 2127
869 568
985 869
1276 1766
972 477
906 1438
574 424
787 1335
578 660
1172 1106
697 446
1449 1404
1566 1835
876 746
975 1298
717 450
1160 1592
1511 1531
945 1350
759 637
1256 1299
678 877
716 607
1194 1022
1328 1374
795 769
957 801
735 612
862 794
1059 1858
526 471
1441 1771
827 428
898 1143
944 1191
601 1580
702 424
879 847
449 410
1549 2284
1193 1739
1344 1530
1169 1846
1164 1702
744 1234
745 441
1251 1639
1191 515
841 1034
827 784
848 1217
1567 818
960 1046
1047 953
396 1228
1101 1422
721 1040
1091 1409
1494 1570
1201 1125
919 807
1038 1629
971 1613
1332 1381
1286 1081
227 387
1553 825
579 846
489 1302
1343 949
1968 2513
1222 1473
937 1695
1508 1375
1004 1190
740 467
1132 2160
1713 1363
636 1103
1006 594
666 399
797 1139
801 424
926 424
790 1422
1180 456
759 906
1052 830
889 705
1300 1715
1315 1467
1062 1214
429 529
627 1055
786 1285
1536 904
730 983
882 399
783 1230
1090 515
758 1262
549 829
732 405
862 1275
1537 1534
1279 1263
820 432
1235 1416
1205 1187
1382 434
974 1404
1105 791
982 527
1053 1592
1066 1267
724 1005
1388 1047
1161 416
886 397
894 1042
715 1073
1354 1924
1282 468
456 498
674 1134
817 1133
1198 1560
1249 1540
651 829
948 1393
1026 473
1207 880
747 418
1214 1553
1721 1302
1356 1547
1037 1705
1308 1463
1439 2216
1027 815
1234 1658
605 417
1067 678
1302 891
984 396
968 567
890 590
1002 809
690 417
1029 449
618 506
1608 1391
516 895
218 794
809 393
798 1808
793 407
1083 1463
1083 733
388 473
929 518
973 923
865 457
861 834
1630 1017
285 412
770 480
650 443
833 739
736 990
1280 1958
1302 1777
1050 1318
962 1226
1327 1300
1800 2116
1291 1617
831 787
746 568
557 1362
550 450
610 808
977 423
1252 1189
1292 671
1062 557
976 416
478 523
1370 1622
878 403
1171 1632
892 729
1091 1481
1004 626
1618 1904
983 480
502 786
368 437
894 1150
821 1186
1034 603
830 505
986 401
742 1636
1411 1533
1308 541
1135 1344
273 399
286 459
565 451
1419 1004
903 600
1514 2172
1061 663
946 1096
1448 1812
1207 1365
1297 1127
1295 1616
1044 1320
1075 420
1141 806
1140 464
762 447
979 1404
1633 1988
492 663
962 754
1671 1124
1089 423
1250 1939
406 424
381 741
1609 2281
1026 893
1372 1708
1105 800
1376 730
723 1268
607 462
994 805
831 1703
646 494
641 1003
1279 513
792 512
588 446
417 401
931 1579
1104 523
648 478
1420 1516
1138 1052
555 423
1014 557
1320 1355
598 422
949 1079
1132 423
1117 1545
716 978
923 812
1171 664
918 850
1603 2196
763 1074
835 410
1255 1215
1023 1020
1215 1642
639 451
866 1446
1343 1703
711 796
684 602
773 1048
996 537
717 1353
711 425
1031 1193
366 537
1646 2158
1014 950
699 800
957 480
771 400
759 1117
762 973
1588 2406
546 677
493 412
434 919
1244 1643
888 876
1037 787
752 1481
1260 1590
1448 1983
1519 1684
580 984
1516 810
1052 1742
1484 1793
392 579
1045 1255
959 474
1204 504
1015 1603
1061 1003
1239 1945
886 421
1604 1879
585 1127
1870 2394
1098 1958
976 854
1050 1151
1443 838
1280 1485
824 444
995 1452
1307 891
581 447
883 412
520 474
1180 1516
1611 1021
1079 1864
800 1335
887 1013
978 1105
486 1184
1162 1007
320 433
845 1061
1242 574
1006 1199
824 814
512 446
1061 1786
1558 1257
1512 1217
693 416
1208 1917
632 777
219 453
605 919
644 1018
1257 439
797 462
811 437
858 446
1053 1324
1220 1154
376 511
578 1484
1152 2315
428 761
815 1115
1398 456
1025 449
786 572
1108 1975
932 1198
915 1255
720 1046
1039 1174
730 1299
746 1358
920 786
1371 1635
1264 1383
559 681
1504 1104
485 434
1331 1651
622 411
677 483
1047 1166
973 1536
836 760
454 568
954 1107
1329 1254
603 834
847 638
960 786
1014 1864
1511 1864
1170 1093
659 392
1183 1518
818 938
794 578
1220 439
1062 1508
838 878
846 982
1050 451
1067 961
831 627
873 435
729 610
400 479
1152 1602
1088 1046
994 699
479 795
298 412
655 387
834 1276
688 504
1245 1217
575 1012
755 565
1128 435
593 1078
480 888
1571 1707
743 426
506 397
1273 1000
982 1340
1422 1754
654 1131
1082 436
943 517
1294 1847
1027 1044
946 1409
1406 1668
1303 1697
374 387
1491 1839
1012 956
985 496
926 390
1831 1581
530 434
547 408
1246 1371
789 501
1005 1169
1155 1386
642 579
680 632
1142 1706
998 1483
851 1140
822 1443
680 568
925 1412
1713 1922
1005 962
1488 1293
769 1373
555 410
857 387
685 436
1302 452
1073 1387
767 800
2186 1976
1764 2701
837 446
1582 2059
1092 1521
2036 2263
1397 2123
1665 1192
682 524
871 1299
1133 1190
1190 1186
1283 726
988 494
710 412
900 451
599 1101
1024 438
998 431
195 429
292 436
1394 509
1205 474
831 1044
1358 718
1164 531
286 421
823 407
1436 436
905 925
770 553
851 392
1129 1599
1005 467
1332 851
1222 1148
1213 1410
339 391
904 960
1002 1466
1399 1388
1411 1793
713 1150
1020 817
998 1247
770 1344
1244 1660
1433 1284
1078 492
902 808
942 1613
993 1317
1052 821
1012 1573
1244 1920
1366 1333
770 465
818 1201
1177 1417
2044 2514
1557 2186
340 412
1309 1329
811 767
936 1032
814 784
547 722
858 1483
478 806
1832 2234
973 1398
1540 1303
1103 1296
1576 2588
759 796
1081 1517
462 1537
480 419
486 435
376 1325
824 860
407 1103
872 402
552 678
1154 1572
523 438
249 448
727 1258
975 1097
957 387
1271 1202
908 823
1224 412
1043 389
1059 1447
1311 1496
949 684
1479 1011
1195 811
692 473
796 450
701 511
972 1973
1979 2642
476 518
1193 410
1118 879
918 617
1236 1480
1253 1464
633 1357
1453 1732
1214 1791
996 1410
1276 1605
1023 1299
1032 814
1094 1144
944 544
1385 1336
1376 429
1331 607
1291 1501
837 525
2208 2540
1628 2124
747 800
1118 1571
939 1354
641 813
893 1261
552 387
851 629
778 1205
864 810
1221 519
1269 1124
1274 390
644 1237
966 814
1371 787
810 459
738 436
1147 1143
1019 800
910 805
904 426
1157 1635
616 624
490 785
632 1291
1425 1838
1525 2005
1402 2131
350 488
970 913
1105 1544
969 811
794 425
960 1025
534 677
1051 400
760 1057
606 1201
1034 441
101 412
985 400
1882 2469
1095 1653
790 399
1093 1137
1557 2205
1266 740
1227 1179
1012 559
1088 534
1379 2010
929 1194
677 444
506 387
644 811
726 754
1409 477
1374 424
873 814
911 438
828 852
516 482
1003 1347
593 963
800 728
1043 1127
375 411
743 479
1497 1187
1072 549
1183 937
1155 1715
1457 1480
1109 1595
1017 1657
1081 1625
561 656
1648 1237
1182 1515
1176 1874
1206 571
1685 918
1000 1172
1238 1776
1366 1318
1045 1323
995 1022
910 1208
931 391
1515 1213
1123 1761
1175 1174
926 476
904 933
994 1553
752 849
820 867
825 709
523 452
615 683
1407 1771
1152 1052
561 1005
470 1103
1428 1974
1315 1693
1046 1458
1125 1559
735 1305
1042 1374
310 411
1602 2192
1565 1977
280 399
1079 464
918 565
660 1007
1071 773
859 1132
1306 1331
1099 1096
1041 806
1578 2119
956 994
955 707
579 1237
1399 446
934 605
995 1010
1423 1722
1187 1778
1470 1861
923 462
979 713
1116 1797
561 418
1157 1531
1424 1948
915 792
838 1285
850 476
1497 1740
614 509
1248 1417
1673 1953
1247 1718
643 424
1195 1462
1543 1258
524 401
984 944
1077 1816
1427 1168
929 816
793 1202
832 1500
815 1458
1147 1816
888 412
1711 942
1127 461
1697 2566
1166 829
903 419
1203 831
1243 1529
605 428
1259 1200
1092 1708
1094 429
1029 1590
1471 1666
290 400
1138 1517
825 1260
993 1216
1857 990
1051 1329
1248 2697
593 387
879 625
1042 1040
976 1113
699 496
942 392
914 1449
1209 1601
1039 799
836 564
571 1198
955 1371
2139 2613
523 524
878 1580
1342 1036
1450 1768
1077 1519
1052 778
877 873
767 1442
1101 501
1171 1527
1005 586
679 784
1068 1342
1044 1677
1197 1670
1455 2056
1010 1612
1243 853
808 1327
925 628
772 1038
1242 1315
568 929
1340 1669
1510 832
1019 1201
1254 459
1059 1056
1314 1266
1070 891
891 504
1501 874
948 387
1001 1460
1165 1709
1152 399
932 620
1087 1544
1452 498
1476 1708
579 775
657 959
1012 738
1085 1428
1065 1384
959 439
905 541
688 426
1446 1879
715 412
648 483
1180 1686
846 552
992 1043
1033 784
322 408
1238 1833
1056 1252
1176 1479
771 976
863 949
1057 1745
728 603
706 837
688 1194
785 566
1114 1301
731 825
1463 1505
1205 1502
826 421
710 1264
1030 1208
446 1042
839 589
941 1635
1726 1012
1018 1511
1062 488
1019 1570
1209 433
1803 1994
1080 902
1185 1273
460 805
1204 1823
545 1201
1124 1896
1343 437
615 914
835 1043
1023 995
852 963
753 552
1024 1260
740 1896
577 482
653 1035
1374 1654
1414 1022
656 387
1119 1361
892 568
966 1523
1572 1502
555 434
1451 1471
1557 2172
1051 1010
752 907
1307 487
1415 1313
1027 825
899 1494
1121 549
1247 2031
1029 819
651 570
1241 989
822 758
825 795
1208 1126
872 1213
1461 2162
1379 823
1509 2024
1455 2154
648 607
1479 1337
1572 1047
1338 1301
557 412
880 1344
1166 413
1360 1203
795 1106
1410 400
1304 1240
1019 1552
1103 786
918 1201
1917 2038
1372 1928
1302 514
1275 971
1121 1957
867 556
738 508
1248 1399
1284 1577
1136 428
643 443
718 764
1565 1632
539 424
1041 1276
513 483
1337 1902
1391 1323
904 1492
487 790
951 777
1065 424
398 421
1131 1328
985 1440
864 387
644 706
1449 2049
535 1125
903 1160
914 935
1043 1790
1473 2208
1196 391
1153 1655
717 530
859 1469
1007 1696
1415 1356
649 845
959 506
1400 1214
1509 2102
716 816
1300 1347
1047 1579
720 412
902 921
645 403
1596 1350
946 1219
685 485
1113 557
793 1128
960 446
1390 1887
1362 886
315 423
1038 1189
1059 820
903 891
618 615
817 471
803 807
768 901
748 1169
456 470
1047 809
1273 1532
1907 2659
1588 801
1101 388
895 1004
916 470
833 1016
1061 1200
1372 1900
710 550
911 869
1091 1772
1469 1659
1276 439
744 501
1275 1589
1414 1812
1003 760
1181 1330
759 1168
1295 1210
1084 1423
957 422
868 922
1029 1404
809 1079
666 479
1413 1392
1510 2358
1576 2155
733 387
1168 1172
1126 1153
937 1696
1061 935
1526 1947
1118 1112
866 1015
1023 1101
534 441
1508 1350
768 424
833 937
1277 1313
808 399
1154 1005
620 579
626 434
784 1546
1206 1411
1071 563
784 1401
394 441
831 1264
1023 387
1051 807
1277 434
1039 638
735 1153
866 419
1098 1537
1543 1992
930 1226
730 1368
1217 401
1166 1065
1041 1240
1181 1446
1069 1206
789 574
1251 1208
1132 730
1228 1120
1178 825
318 935
1177 1343
456 410
885 1146
1107 451
641 387
680 523
1435 1543
1639 1414
733 413
1489 1693
831 1139
835 497
1103 555
679 822
1220 573
653 877
697 400
1249 1412
767 1059
755 689
923 891
689 808
1091 690
649 1277
950 528
1027 1560
1067 1844
853 930
1759 1407
802 793
2052 2130
1520 1443
676 431
1291 1426
318 940
910 696
1120 1658
573 1190
994 1247
839 1411
932 1388
1326 1803
1011 1208
812 1586
1210 875
1159 1402
585 491
336 787
766 836
531 454
661 806
1137 1004
907 736
959 408
602 422
1141 439
703 714
992 1029
261 405
805 1022
687 473
442 788
605 425
1440 2201
678 420
1165 800
976 753
1509 1808
1378 916
1355 1716
1094 1331
780 873
990 491
1541 1100
1105 432
1607 995
241 407
668 827
598 781
1345 1905
1213 873
976 405
583 804
1007 1115
909 450
1648 2105
894 1462
922 1063
1283 1882
1485 1842
226 470
1063 400
874 579
625 812
809 1248
1011 400
1762 1824
1261 415
1018 1046
570 1234
394 464
981 1196
1105 473
1082 865
341 396
1398 1675
1301 464
1353 400
450 1021
1537 2160
1650 2507
1009 551
1773 1047
1012 826
379 1134
188 438
1014 449
994 982
529 977
977 516
1051 1609
559 387
1052 1061
1545 1708
813 842
750 1282
1111 1389
533 580
396 387
749 410
238 608
692 1359
1307 2025
294 399
657 393
127 410
790 1153
1526 1576
594 387
1676 1385
727 410
483 458
1039 825
754 1129
756 1164
1107 1352
834 1045
1125 459
1006 942
1107 831
1350 1772
1414 1928
1237 1751
1023 656
1396 1812
1729 1971
1585 1977
1540 2463
1529 1395
382 910
1189 930
547 398
240 473
879 1149
1004 1608
614 519
1211 1821
750 1050
1485 1830
1380 1096
890 477
971 1390
1583 2039
1213 1718
886 1198
1189 1194
688 474
1438 2413
669 413
1404 1509
1003 1266
1099 480
915 874
1230 1973
814 430
1128 415
1351 1497
509 1011
369 494
275 785
918 530
335 412
581 1085
386 412
1118 807
1182 1809
798 1133
760 840
780 436
1387 484
1473 1739
1028 832
725 878
1206 1415
866 415
1088 950
1515 2072
969 1623
1431 1540
1186 1001
909 400
770 568
1113 1323
720 468
977 469
1550 848
906 1224
1579 2551
810 450
1353 1023
1080 993
972 1612
1187 1644
1458 632
914 1603
1125 1293
1825 2420
1185 1570
1071 821
930 429
1121 1048
554 934
1185 1530
761 456
1256 954
1640 1815
1783 1757
1233 400
1099 449
121 387
1265 1727
1187 1426
1683 2325
1749 1995
1057 444
1124 1246
1077 950
112 399
1442 1436
1285 1362
364 524
1950 2739
873 440
1318 536
855 387
968 1191
1179 387
574 786
823 415
899 449
1490 1429
738 400
620 784
1025 400
1314 1049
1116 640
979 658
869 797
806 831
1120 391
1432 400
1007 462
748 387
1610 517
1226 1506
1448 1312
609 1009
1438 1228
1204 2211
1134 905
925 1074
1251 938
690 731
1067 751
1216 609
1182 2002
931 1202
486 468
1134 745
1159 798
1882 1213
1570 1143
1051 1164
753 690
691 935
715 793
834 504
696 798
1023 436
760 724
1064 1211
1522 2153
1497 1582
499 642
1144 1623
522 1116
869 505
501 498
1066 828
1328 2013
1251 1201
807 1530
1118 1784
236 449
1038 1544
600 387
1552 1108
1202 1962
1674 2542
1389 758
272 394
757 1285
438 411
927 1184
944 1028
1249 1809
662 841
1143 1638
635 1249
967 497
1066 805
1245 1784
1321 1674
699 431
1078 1584
882 792
1011 911
1617 2079
911 1524
1022 495
896 677
666 399
817 1689
238 429
1197 1462
911 410
1254 1435
1023 1095
679 988
1290 2082
851 1170
1253 465
1599 2086
766 447
654 790
1476 1061
1064 1118
835 927
689 836
1132 787
661 422
516 412
1062 1853
1073 578
1483 1167
1006 1290
782 1199
1089 813
562 467
1167 971
1208 476
363 400
579 713
1173 1186
575 412
1255 1157
1144 585
653 806
1196 400
698 1587
761 1254
1192 447
695 941
948 1454
929 1123
1475 1040
828 462
1226 1932
1092 966
854 860
848 1055
981 1535
975 562
643 839
429 461
821 1096
289 387
720 790
1105 1391
1182 858
258 417
871 725
2205 1000
911 437
433 810
816 632
698 1107
995 771
1405 2200
1117 415
1693 1057
333 416
929 1704
1320 1093
1060 970
564 582
653 508
743 546
942 848
1442 835
1131 431
727 578
674 641
1299 1549
1665 860
696 615
904 840
1567 1504
1203 1552
747 430
556 475
996 1410
621 786
984 1015
1412 683
653 400
408 387
1046 460
782 525
1118 445
1052 1575
912 1211
953 403
1141 1435
1779 2541
740 434
887 437
1417 1574
1105 1788
422 575
457 607
467 450
1293 1386
982 809
1193 835
1241 1474
756 1096
1185 823
947 427
1107 436
931 1390
623 438
1591 1680
553 470
1024 435
1345 1376
1284 562
819 963
1222 429
988 1295
1148 1259
1805 1284
1087 410
1180 1217
1117 1083
1278 1046
783 526
1110 440
1572 1693
1072 1489
674 482
1363 469
924 1544
504 387
922 558
844 819
1267 412
1101 926
866 640
454 667
927 1779
1179 1133
1008 1384
1342 805
995 1719
1193 921
1095 461
969 1212
1590 987
1126 449
693 784
1463 543
1085 629
1065 1540
1069 1077
1274 448
975 689
1536 1600
904 805
728 1304
1144 458
669 1218
637 820
657 793
930 1281
1007 830
1622 1695
952 1261
838 467
980 854
986 1196
323 784
966 792
1134 1295
1185 1367
1260 958
776 500
1219 1025
1473 1584
968 1545
973 452
1376 1774
1409 1686
486 471
1548 1201
1227 833
508 798
886 786
1333 446
913 847
1857 1907
968 399
1302 1016
1367 1800
966 1256
1016 1395
1899 1115
1047 1221
1019 749
338 1030
831 399
1005 1038
323 387
1004 1411
829 1647
194 387
999 711
1030 821
923 1184
975 1653
618 1121
869 1293
1204 621
981 1344
918 1740
1377 1272
1031 581
709 589
1188 1199
982 803
1148 1036
1579 1982
809 1045
1119 814
826 1258
1302 1785
542 832
813 414
702 909
1122 470
1251 1858
1307 1043
965 1154
393 785
807 877
1118 1695
955 858
979 1466
1006 409
1179 456
470 411
632 1029
1654 2374
954 408
750 1544
1026 1276
981 1332
850 835
1272 1034
980 441
1638 2275
1568 1889
1114 1061
1196 1221
1055 1470
446 411
897 505
791 462
1011 387
407 400
1469 1569
639 564
963 435
758 435
203 907
1343 1081
1071 753
893 1233
1109 1015
1011 495
643 671
1430 1035
1212 442
1467 1514
1523 874
829 425
1111 2065
1158 1631
1467 1357
600 392
1077 1820
639 425
1524 1885
1564 1676
1017 985
964 428
965 1639
606 810
1432 1828
2098 2306
587 515
861 1037
1166 1325
841 841
1353 1319
1707 1561
911 582
866 1053
798 920
830 1174
1211 1666
820 1154
1387 1748
928 467
837 400
700 507
596 1242
884 1384
388 1026
980 1212
1151 895
804 861
1325 1270
1287 1957
840 973
1553 1403
396 459
1211 1488
933 822
1270 1313
825 521
1511 1740
1141 880
706 1464
1679 2127
1134 697
1139 1432
1362 1771
1169 1015
1930 467
559 785
919 968
1816 1596
890 788
1127 1309
1097 814
762 756
1318 958
795 1296
821 1073
936 1530
1273 1529
1140 1211
1040 987
1031 1460
1032 1193
1118 1181
1732 2058
1344 1723
877 1784
822 1605
1420 1397
806 387
1259 412
1409 1005
1446 1416
792 999
722 528
1011 562
1051 1624
1147 852
475 879
985 788
1250 1348
743 422
1086 1454
1188 1809
1534 1613
1147 1196
565 1278
1258 1112
997 1021
812 411
930 800
895 400
1270 1223
1450 1663
896 1519
916 1107
1077 1132
1087 1459
894 538
679 797
1010 1006
1247 1315
944 1681
1297 1708
1066 776
669 912
1277 1760
821 437
770 762
1379 2067
1326 2061
1098 637
1114 1613
1216 1898
1111 706
222 387
671 1229
873 1721
841 1365
1301 1060
800 1427
849 460
909 423
1199 1948
1195 1688
1091 1641
1386 1910
730 412
1461 1116
177 668
1333 1645
377 644
1966 2462
478 636
515 392
1002 441
680 968
467 400
857 989
977 1286
1474 1298
961 1406
603 1072
1168 1165
1380 1243
1403 1727
933 438
1122 1376
1087 846
1181 1898
690 813
1535 1631
1268 961
1030 586
841 452
1326 2365
956 663
624 824
1660 453
1077 468
906 534
1445 1333
1166 525
1439 1702
1705 1306
703 1200
394 785
593 1439
974 1262
1484 1367
2015 2624
1134 1767
1246 833
1488 560
1149 460
1148 1213
1293 401
930 434
858 402
1418 1425
1690 574
1785 449
1058 1377
1186 1235
1360 858
664 434
1106 615
1099 1497
1233 1859
1462 851
1731 1870
1072 1489
1078 1624
1140 1475
1047 1192
1162 1305
867 1525
938 491
714 788
1050 659
987 412
1226 1013
1765 432
694 1067
1309 1041
1885 1657
1659 1869
707 412
1010 873
741 455
1193 1387
931 1356
1171 1311
722 728
1099 795
186 1191
1134 1299
642 578
1221 1573
1188 1258
404 1552
1197 834
1090 830
1386 1438
1257 1215
883 451
1342 424
1606 1572
326 414
802 476
1545 2185
777 1406
1143 841
1193 1262
1627 1226
1161 1600
1342 1073
909 410
918 1512
536 668
1512 1830
817 1151
1342 1417
648 860
917 1502
698 808
1318 1426
922 1238
930 415
1134 1669
429 778
934 757
893 556
1048 429
924 437
1398 1609
2023 485
1195 911
1101 1356
1459 1579
606 544
1020 1113
1250 822
1283 1369
1101 410
1639 1851
977 811
1554 1311
786 1115
824 1194
821 428
1248 1086
941 1563
738 400
806 445
1192 1391
670 1186
1103 502
987 1126
1100 940
909 645
980 417
1155 1346
917 423
1245 1041
1441 2074
878 1413
557 900
439 400
1652 1442
1202 1279
1252 1017
1630 1677
1217 637
528 423
1247 657
1595 1045
748 433
1245 1683
484 433
824 1101
1015 818
1315 1347
1034 825
1253 1102
594 429
1291 786
806 410
1242 503
1350 974
989 727
1300 1667
1380 421
927 541
969 1388
739 1386
1039 795
1049 1264
1006 888
914 464
799 427
1343 1130
1087 525
1493 1283
751 524
1323 793
859 1123
1144 1461
1072 810
1316 1087
895 1405
1719 2135
656 431
1559 1889
1689 1908
1372 1283
1253 848
992 800
963 1176
1290 1809
604 549
916 670
1326 1861
1083 1917
1426 1347
1056 427
1051 475
528 962
1274 1576
757 1029
1383 1475
963 1475
1497 1280
1002 449
1195 463
1401 1403
884 658
731 437
1231 421
756 388
1467 1834
1123 2019
1585 2275
842 449
1279 1427
1518 449
1591 2455
295 784
1061 471
1373 461
604 1146
1307 837
1074 1401
987 792
1175 540
1145 799
1072 570
855 817
1673 1920
1090 1008
800 1271
1524 1194
826 1013
460 511
1119 1547
899 1315
1230 1315
1088 1746
1215 1367
1636 1016
1425 1574
921 1078
1422 1531
1526 1974
710 793
1029 1111
965 741
878 1023
469 412
797 808
1153 639
1418 1168
1046 749
1397 1023
1137 963
1218 1012
1067 1407
2143 2645
905 1316
652 543
742 1267
1019 1392
1155 473
1286 1735
954 539
1715 1969
1212 1289
760 472
1454 1821
1203 1193
924 1321
1131 642
713 532
697 546
934 787
1088 806
1107 1259
1087 1202
1451 1287
1098 849
1003 551
1328 1829
942 710
990 488
1030 1349
982 671
1081 446
1607 828
837 1943
438 814
617 482
1692 2334
1468 1530
914 1437
625 432
549 422
1175 1930
842 1618
735 445
570 1022
1341 1144
1267 803
1455 2052
804 505
943 450
1188 1184
1472 1842
1314 1112
629 1025
919 1203
803 392
1437 1515
881 738
1184 1397
651 1186
877 954
1213 960
756 505
1444 1575
1194 1014
1276 392
648 572
575 412
1829 1835
1717 1863
1106 1396
1294 811
1564 433
1090 1264
849 587
890 1338
1597 2106
1278 1069
948 1187
1176 1543
1077 1511
1137 1266
1085 1349
1070 983
1613 913
814 848
1649 1726
1485 1458
1150 1348
260 387
1626 1217
1063 1834
1716 1203
1203 1267
667 803
1215 1663
706 574
1094 649
1066 800
1590 1753
1189 2112
1151 899
412 423
1538 1167
1088 426
1343 784
1187 1332
456 412
1062 1280
959 1042
1742 2354
1345 448
1504 618
1324 1857
923 817
908 393
1192 1208
496 786
738 389
777 903
722 439
750 807
918 409
985 857
840 626
720 411
623 507
678 798
1312 1420
845 786
1757 2394
871 1001
1783 1927
1823 1159
729 1190
517 395
677 423
995 805
788 455
500 927
1533 669
173 412
1095 785
705 798
777 638
924 1465
622 1077
1657 2432
1050 402
554 967
1127 1588
985 784
1034 528
1058 431
563 434
1241 1091
1244 1577
1112 400
1270 2365
453 1008
558 480
1069 941
1337 1342
337 955
914 1046
1152 1241
1226 549
956 1555
758 1119
1204 1376
899 432
775 744
670 429
943 1176
1066 1231
1765 1822
818 1284
1172 1391
816 387
1132 1081
740 1195
571 1046
809 1075
1065 1466
1801 2337
1036 1285
1595 2003
332 557
1132 390
878 778
579 582
1553 1148
1089 860
1416 1982
1013 1596
445 417
766 411
1555 787
934 603
1063 1443
790 1030
976 1306
1392 2000
686 426
643 412
1360 1705
950 1003
697 439
1302 1963
841 1118
1037 1488
1387 1415
1596 1012
903 1200
953 867
1302 701
743 1150
1001 1361
1581 1989
816 1214
1334 1684
1862 2350
1466 1234
1095 481
1216 1004
911 789
1035 1029
1416 1047
1055 1046
1103 1004
1213 1513
894 399
822 1380
634 805
1373 434
524 387
1565 807
1431 1401
636 474
816 873
1578 2632
468 1144
492 828
155 387
1577 1951
1138 1200
493 758
1022 1003
783 697
1226 1017
1132 1232
1274 1574
1235 1194
744 387
1175 908
1553 1035
928 797
1533 1039
1266 1320
1199 1132
885 904
1332 476
383 513
738 393
1569 1855
740 412
1415 1663
677 422
540 916
700 786
437 410
680 461
860 701
629 711
615 763
1686 1665
1152 1529
941 1567
823 602
1035 641
805 1285
569 796
440 1017
1211 1780
1684 1826
1049 1693
1200 1633
1732 2367
1170 1833
1086 424
1511 1896
1412 476
851 828
477 436
694 400
425 1205
1036 796
627 399
712 422
898 445
596 467
1028 588
658 857
1176 437
1223 1534
806 410
1184 821
931 387
166 406
1428 1747
994 1134
234 769
871 1455
1005 852
1245 1363
942 973
1821 1974
1115 523
1434 809
1057 807
1541 1379
1042 1124
602 400
1231 1267
1171 1605
479 1005
1094 1679
1193 548
376 387
838 792
1203 1071
1188 1054
905 1330
787 1637
1162 520
1249 1212
610 603
497 409
356 398
885 1527
901 399
987 704
904 743
667 800
1139 1207
1602 1426
1028 857
641 825
964 2108
633 521
298 615
754 481
1007 1371
1417 1588
236 810
485 785
1330 1364
742 417
775 879
608 791
968 923
834 1384
1203 455
512 452
100 798
1180 1704
216 387
1139 421
998 1072
908 400
1795 2003
1239 1035
793 812
562 513
918 1184
839 392
1388 791
725 412
822 940
660 784
1212 1394
549 516
1193 1192
956 488
1099 422
773 922
1209 922
1671 644
135 387
529 1245
1921 473
545 463
717 787
865 397
806 1141
906 507
261 428
874 1462
192 805
1087 1432
556 449
1238 787
499 455
299 423
655 387
894 1114
583 603
1144 1423
758 440
1318 1827
664 427
1445 2002
797 927
906 1243
1724 1714
1127 1050
640 1174
703 1191
648 530
1314 1121
795 1609
388 893
1205 1017
1307 1722
1336 1163
1235 794
1602 1661
1277 639
948 1286
1257 475
1153 1129
716 495
1007 1043
886 1097
577 809
1424 1501
620 500
1603 580
1399 1379
493 836
887 523
1134 1287
2012 2191
1300 1243
576 428
553 450
819 1578
1194 1740
967 460
1852 427
1131 1042
600 387
570 442
1395 1366
1028 1186
896 426
470 1036
1031 833
1372 1752
1388 1797
1048 1191
1188 857
615 1320
1147 1036
616 751
1259 1197
171 451
914 961
1168 1207
789 1057
1341 1332
598 422
1331 1009
883 810
1006 1226
1671 2233
1125 1430
1136 411
1232 1323
765 883
823 417
983 1442
1683 1333
412 387
848 1196
989 647
1380 1001
1352 1775
858 609
578 959
1212 1869
873 1055
1753 2329
1381 1135
652 955
1176 1014
618 853
1390 1130
1445 1658
1579 2196
779 811
1064 1314
761 438
782 430
1189 1034
922 450
1335 1185
1481 492
924 1004
538 434
633 423
772 1354
1211 1475
1365 1344
632 422
1094 1160
885 980
1056 1316
757 1104
1016 1324
1012 807
1609 430
1394 1714
1176 1315
1157 1312
1652 1716
657 1445
1042 1176
1271 1426
1347 1429
572 855
910 1654
1874 2357
1704 1322
1060 795
1145 1707
724 774
1021 695
1359 1297
976 868
1555 2351
1338 1925
1078 1402
1000 1540
831 739
1350 1237
679 412
520 558
1723 2148
786 504
803 1516
959 1251
711 1501
1163 1140
1897 2126
1694 2101
1011 445
985 1026
1494 1724
1096 1159
1052 1818
1215 534
994 1316
645 501
975 1104
796 1008
1092 1567
1489 1156
1086 953
1732 1468
975 387
626 808
1564 1015
1101 1458
605 408
692 733
738 1191
1210 1401
1262 1338
978 1016
1525 1887
837 1226
1744 1670
1019 433
666 1078
952 1095
1149 1196
1274 1159
816 415
993 392
1062 1347
738 481
1033 1221
927 1496
827 440
1787 1526
952 408
832 1551
967 439
1240 1004
1392 1981
817 920
1392 2144
1063 1530
685 1088
1046 828
509 901
1041 1213
625 714
1747 2338
882 658
1450 1796
1545 1834
776 791
1497 1633
420 460
892 475
1269 1497
1098 1150
1341 985
823 805
753 632
1278 477
781 1231
977 523
1095 986
1556 1808
1057 1488
826 881
984 1733
1068 1347
742 1421
1285 1493
768 613
1527 1903
623 1087
810 440
369 424
1023 1024
756 442
930 1170
1570 1761
1436 1146
715 793
984 1692
695 700
920 989
890 465
780 397
1161 660
375 390
685 1038
484 472
912 1387
1602 1818
1079 789
1112 835
864 938
1061 1384
465 1006
1082 1250
965 524
305 399
1161 1217
779 940
512 1172
1074 1417
1236 1905
706 496
306 390
738 425
520 1184
1601 2460
692 400
1036 1191
1709 1828
994 1137
839 428
889 1276
892 1411
799 1232
798 444
928 422
1507 2130
1005 1809
1002 1299
904 447
1320 1983
1322 1411
1401 2511
747 824
1230 840
828 558
1245 835
678 786
1117 1999
223 452
1406 1227
819 1292
1168 1003
533 863
1559 1040
1045 435
1575 888
626 679
1927 1734
763 472
684 450
789 1094
1411 435
831 1195
1175 1606
775 1284
303 738
823 1377
551 387
637 1720
769 1174
520 516
1405 1227
926 1387
1284 1030
1254 1781
294 1186
742 847
485 801
1284 934
517 400
1177 498
810 444
717 1139
1133 1580
1083 1278
1224 1944
743 720
598 406
1271 1420
376 387
1013 1604
517 860
1097 827
782 981
892 438
1413 2370
760 491
960 1314
1086 1025
542 460
1187 1012
1017 518
1533 1357
1147 1577
743 2106
1252 585
1342 792
874 455
289 400
507 810
1015 1338
1742 2207
601 1378
1147 433
1557 2001
567 408
648 1514
1305 403
914 437
1302 1105
850 669
1260 1217
865 1397
1245 1229
1009 1487
823 413
745 696
1708 832
1259 1779
795 786
1266 1081
1093 1312
1419 1088
2011 2282
888 1083
1127 1478
1259 1302
1115 1615
653 426
1133 1207
806 1197
750 791
1553 2101
1620 424
647 400
794 437
1015 465
1009 1035
794 598
1755 1791
792 1219
556 824
1259 1294
1253 661
884 714
1475 540
1310 739
834 1541
1165 719
1213 2340
890 632
1692 1514
1246 1382
884 1690
1746 547
1212 1957
888 621
1456 405
1072 1673
666 509
874 1357
431 663
847 540
1349 1712
1219 1089
951 938
725 763
1230 1141
1211 412
588 852
1182 1188
777 1126
884 658
984 463
1798 1371
934 435
1015 1022
1667 1160
1081 1762
1226 513
871 858
1378 868
1081 1168
1381 1205
1957 2393
1170 450
1130 1023
1377 1793
1214 1564
1123 1205
666 837
1184 921
1305 1012
698 1292
1499 1180
828 1111
1297 411
330 412
1036 1210
1009 1331
620 786
1133 957
1041 1409
1082 1501
1073 943
1287 801
489 399
602 399
611 641
444 411
1315 1651
1370 820
1278 1551
1058 1580
852 566
817 442
1341 1221
1347 1925
454 400
1421 1322
1162 962
1156 1703
1309 1085
696 1461
1244 2170
827 815
1399 1616
774 787
1102 987
222 402
1027 1250
814 832
713 953
1385 692
973 653
1242 1200
1461 2265
1471 801
687 1004
1223 1407
665 549
876 1299
874 429
1040 1199
884 826
1106 1205
1065 865
1073 924
705 1483
1056 504
897 1478
1058 800
1385 487
607 449
1123 1072
797 1078
1372 1906
451 573
1007 500
1073 598
768 430
1234 958
688 412
1426 2011
1231 671
1439 1691
1306 663
221 399
952 1606
1599 1146
770 459
1388 2130
1828 400
740 830
1724 1984
1141 1371
1541 435
1363 1679
953 651
1233 1457
1241 1009
463 446
1502 1311
1863 2515
1215 1566
1248 1259
1175 1527
1168 825
646 1161
1255 491
689 993
979 960
1276 1539
1031 626
1107 1582
851 584
1116 1186
756 1948
1256 1572
959 1473
1440 2283
476 434
1170 1083
940 458
914 980
1015 389
938 1242
568 655
457 387
856 562
198 612
1403 2192
1226 824
796 466
997 1227
361 618
1196 825
857 1258
814 419
771 435
1324 1203
1135 692
1058 1372
1392 795
1114 706
1632 2282
1228 1107
1010 1056
746 502
1306 402
689 955
852 1197
1487 1221
698 551
1124 970
1115 1392
1364 2039
1620 1039
1558 1468
803 1334
1073 1685
1101 492
1620 1957
706 696
800 853
658 1266
1329 820
587 390
1087 1562
597 787
1307 1001
1087 389
1172 854
1126 1330
463 418
820 1280
1082 1720
988 960
1384 2100
1890 2543
1115 1291
1139 1479
801 411
1273 1202
1191 452
1099 2031
1023 422
1199 1834
1176 884
1093 1487
703 652
1332 1078
975 493
1307 1332
654 1117
1037 853
1016 1184
548 888
1620 1595
1642 1949
1112 1552
858 589
984 1081
1809 2251
732 412
487 448
1829 2451
1100 1104
1207 560
910 715
456 454
1232 1269
781 1394
1038 1007
1018 875
1185 816
876 1290
1055 1034
851 1323
931 986
950 804
1050 465
653 799
1354 1814
897 550
984 727
953 602
1305 1863
1158 1078
873 437
855 1208
795 748
780 875
708 1269
554 1201
1018 1201
1062 2122
767 472
410 419
890 1105
1210 462
786 702
1325 1109
478 790
1295 1894
889 815
968 1073
711 671
1127 1346
1129 1029
775 411
837 496
1124 1447
875 791
1000 436
987 794
897 438
1337 1215
908 1150
832 622
